BARRA	TIPO	NUM_OPERn
0	0	0
1	0	0
2	0	0
3	0	0
4	0	0
5	0	0
6	0	0
7	0	0
8	0	0
9	0	0
10	0	0
11	0	0
12	0	0
13	0	0
14	0	0
15	0	0
16	0	0
17	0	0
18	0	0
19	0	0
20	0	0
21	0	0
22	0	0
23	0	0
24	0	0
25	0	0
26	0	0
27	0	0
28	0	0
29	0	0
30	1	84800L0860
31	0	0
32	0	0
33	0	0
34	0	0
35	0	0
36	0	0
37	0	0
38	0	0
39	0	0
40	0	0
41	0	0
42	0	0
43	0	0
44	0	0
45	0	0
46	0	0
47	0	0
48	0	0
49	0	0
50	0	0
51	0	0
52	0	0
53	0	0
54	0	0
55	0	0
56	0	0
57	0	0
58	0	0
59	0	0
60	0	0
61	0	0
62	0	0
63	0	0
64	0	0
65	1	84800L5415
66	0	0
67	0	0
68	0	0
69	0	0
70	0	0
71	0	0
72	0	0
73	0	0
74	0	0
75	0	0
76	0	0
77	0	0
78	0	0
79	0	0
80	0	0
81	1	84800L3517
82	0	0
83	0	0
84	0	0
85	0	0
86	0	0
87	1	84800L2428
88	0	0
89	0	0
90	0	0
91	0	0
92	0	0
93	0	0
94	0	0
95	0	0
96	0	0
97	0	0
98	0	0
99	0	0
100	0	0
101	0	0
102	1	84800L1046
103	0	0
104	0	0
105	0	0
106	0	0
107	0	0
108	0	0
109	0	0
110	0	0
111	0	0
112	0	0
113	0	0
114	0	0
115	0	0
116	0	0
117	0	0
118	1	84800L3752
119	0	0
120	0	0
121	0	0
122	0	0
123	0	0
124	0	0
125	0	0
126	0	0
127	0	0
128	0	0
129	0	0
130	0	0
131	0	0
132	0	0
133	0	0
134	1	84800E2128
135	0	0
136	0	0
137	0	0
138	1	848001646L
139	0	0
140	0	0
141	0	0
142	0	0
143	0	0
144	0	0
145	0	0
146	0	0
147	0	0
148	0	0
149	0	0
150	0	0
151	0	0
152	0	0
153	0	0
154	0	0
155	0	0
156	0	0
157	1	84800E2203
158	0	0
159	0	0
160	1	84800EEB06
161	0	0
162	0	0
163	1	8480040278
164	0	0
165	0	0
166	1	84800L4124
167	0	0
168	0	0
169	0	0
170	0	0
171	0	0
172	0	0
173	0	0
174	0	0
175	1	84800L3757
176	0	0
177	1	84800L3755
178	0	0
179	0	0
180	1	84800L3756
181	0	0
182	0	0
183	0	0
184	0	0
185	0	0
186	0	0
187	0	0
188	0	0
189	1	84800L4125
190	0	0
191	0	0
192	0	0
193	0	0
194	0	0
195	0	0
196	0	0
197	0	0
198	0	0
199	0	0
200	0	0
201	0	0
202	0	0
203	0	0
204	0	0
205	0	0
206	0	0
207	0	0
208	0	0
209	0	0
210	0	0
211	0	0
212	0	0
213	0	0
214	0	0
215	0	0
216	1	8480052097
217	0	0
218	1	8480035747
219	0	0
220	0	0
221	0	0
222	0	0
223	1	84800E3403
224	0	0
225	0	0
226	0	0
227	0	0
228	0	0
229	0	0
230	0	0
231	0	0
232	1	8480052099
233	0	0
234	0	0
235	0	0
236	0	0
237	0	0
238	0	0
239	0	0
240	0	0
241	0	0
242	0	0
243	0	0
244	0	0
245	0	0
246	0	0
247	0	0
248	0	0
249	0	0
250	0	0
251	0	0
252	0	0
253	0	0
254	0	0
255	0	0
256	1	84800E4120
257	0	0
258	0	0
259	0	0
260	0	0
261	0	0
262	0	0
263	0	0
264	0	0
265	0	0
266	1	8480055400
267	0	0
268	1	84800L3753
269	0	0
270	1	84800L3751
271	0	0
272	0	0
273	0	0
274	0	0
275	0	0
276	0	0
277	0	0
278	0	0
279	0	0
280	1	84800L4652
281	0	0
282	1	84800L4651
283	0	0
284	0	0
285	0	0
286	0	0
287	0	0
288	0	0
289	0	0
290	0	0
291	0	0
292	0	0
293	0	0
294	0	0
295	0	0
296	0	0
297	0	0
298	1	84800L4653
299	0	0
300	0	0
301	1	84800L4604
302	0	0
303	0	0
304	0	0
305	1	8480034295
306	1	84800L5311
307	0	0
308	0	0
309	0	0
310	0	0
311	0	0
312	0	0
313	0	0
314	0	0
315	0	0
316	0	0
317	0	0
318	0	0
319	0	0
320	0	0
321	0	0
322	0	0
323	0	0
324	0	0
325	1	84800L3522
326	0	0
327	0	0
328	0	0
329	0	0
330	0	0
331	1	84800L3520
332	0	0
333	0	0
334	0	0
335	0	0
336	0	0
337	0	0
338	0	0
339	0	0
340	0	0
341	0	0
342	0	0
343	0	0
344	1	84800L3519
345	0	0
346	0	0
347	0	0
348	0	0
349	1	84800L3521
350	0	0
351	0	0
352	0	0
353	0	0
354	0	0
355	0	0
356	1	84800L5341
357	0	0
358	0	0
359	0	0
360	0	0
361	0	0
362	0	0
363	0	0
364	0	0
365	0	0
366	0	0
367	0	0
368	1	84800L5340
369	1	84800L5339
370	0	0
371	0	0
372	0	0
373	0	0
374	0	0
375	0	0
376	0	0
377	1	84800L5342
378	0	0
379	0	0
380	0	0
381	0	0
382	0	0
383	1	84800L5343
384	0	0
385	0	0
386	0	0
387	0	0
388	0	0
389	0	0
390	0	0
391	0	0
392	0	0
393	0	0
394	0	0
395	1	84800L5338
396	0	0
397	0	0
398	0	0
399	0	0
400	0	0
401	0	0
402	0	0
403	0	0
404	0	0
405	0	0
406	0	0
407	0	0
408	0	0
409	0	0
410	1	84800L5437
411	0	0
412	0	0
413	0	0
414	0	0
415	0	0
416	0	0
417	0	0
418	1	84800L5582
419	1	84800L5337
420	1	84800L3518
421	1	84800L0867
422	1	84800L0866
423	1	84800L0865
424	1	84800L0864
425	0	0
426	0	0
427	0	0
428	0	0
429	0	0
430	0	0
431	0	0
432	0	0
433	0	0
434	0	0
435	0	0
436	0	0
437	0	0
438	1	84800L1359
439	1	84800L1366
440	1	84800L1057
441	1	84800L0863
442	1	84800L0862
443	1	84800L0861
444	0	0
445	0	0
446	1	84800L4188
447	1	84800L2288
448	0	0
449	0	0
450	0	0
451	0	0
452	0	0
453	0	0
454	0	0
455	0	0
456	0	0
457	0	0
458	0	0
459	0	0
460	0	0
461	0	0
462	0	0
463	0	0
464	0	0
465	0	0
466	0	0
467	0	0
468	0	0
469	0	0
470	0	0
471	0	0
472	0	0
473	0	0
474	0	0
475	0	0
476	0	0
477	0	0
478	0	0
479	0	0
480	0	0
481	0	0
482	0	0
483	0	0
484	0	0
485	0	0
486	0	0
487	0	0
488	0	0
489	1	84800L3247
490	1	84800L3626
491	1	84800L3246
492	1	84800L3372
493	1	84800L5114
494	0	0
495	0	0
496	0	0
497	0	0
498	0	0
499	0	0
500	0	0
501	0	0
502	0	0
503	1	84800L3383
504	0	0
505	0	0
506	0	0
507	0	0
508	0	0
509	0	0
510	0	0
511	0	0
512	0	0
513	0	0
514	0	0
515	0	0
516	0	0
517	0	0
518	0	0
519	0	0
520	0	0
521	0	0
522	0	0
523	1	84800L4452
524	0	0
525	0	0
526	0	0
527	0	0
528	1	84800L3388
529	1	84800L3387
530	1	84800L3386
531	1	84800L3385
532	1	84800L3384
533	1	84800L3245
534	0	0
535	0	0
536	0	0
537	0	0
538	0	0
539	0	0
540	0	0
541	0	0
542	0	0
543	0	0
544	0	0
545	0	0
546	0	0
547	0	0
548	0	0
549	0	0
550	0	0
551	0	0
552	0	0
553	0	0
554	0	0
555	0	0
556	1	84800L3516
557	0	0
558	0	0
559	0	0
560	1	84800L3515
561	0	0
562	0	0
563	0	0
564	0	0
565	0	0
566	0	0
567	0	0
568	0	0
569	0	0
570	0	0
571	0	0
572	0	0
573	0	0
574	0	0
575	0	0
576	0	0
577	0	0
578	0	0
579	0	0
580	0	0
581	0	0
582	0	0
583	0	0
584	0	0
585	0	0
586	0	0
587	0	0
588	0	0
589	0	0
590	0	0
591	0	0
592	0	0
593	0	0
594	0	0
595	0	0
596	0	0
597	1	84800L1533
598	0	0
599	0	0
600	0	0
601	0	0
602	0	0
603	0	0
604	0	0
605	0	0
606	0	0
607	0	0
608	0	0
609	0	0
610	0	0
611	0	0
612	0	0
613	0	0
614	0	0
615	0	0
616	0	0
617	0	0
618	0	0
619	0	0
620	0	0
621	0	0
622	0	0
623	0	0
624	0	0
625	0	0
626	0	0
627	0	0
628	0	0
629	0	0
630	0	0
631	0	0
632	1	84800L3993
633	0	0
634	0	0
635	0	0
636	1	84800L3994
637	0	0
638	0	0
639	0	0
640	0	0
641	0	0
642	1	84800L5465
643	0	0
644	0	0
645	0	0
646	0	0
647	1	84800L3996
648	0	0
649	0	0
650	0	0
651	1	84800L3995
652	0	0
653	0	0
654	0	0
655	0	0
656	0	0
657	0	0
658	1	84800L3668
659	1	84800L3667
660	0	0
661	0	0
662	1	84800L3669
663	0	0
664	0	0
665	1	84800L3666
666	0	0
667	1	84800L5389
668	1	84800L3604
669	0	0
670	0	0
671	0	0
672	1	84800L4585
673	0	0
674	0	0
675	0	0
676	1	84800L3603
677	0	0
678	0	0
679	1	84800L3602
680	0	0
681	0	0
682	0	0
683	0	0
684	0	0
685	0	0
686	0	0
687	0	0
688	0	0
689	0	0
690	0	0
691	0	0
692	0	0
693	0	0
694	0	0
695	0	0
696	1	84800L4617
697	0	0
698	1	84800L4516
699	0	0
700	1	84800L4387
701	0	0
702	0	0
703	0	0
704	0	0
705	0	0
706	0	0
707	0	0
708	0	0
709	0	0
710	0	0
711	0	0
712	0	0
713	0	0
714	0	0
715	0	0
716	1	84800L5524
717	1	84800L5523
718	0	0
719	1	84800L3500
720	0	0
721	0	0
722	0	0
723	0	0
724	0	0
725	0	0
726	1	84800L3605
727	0	0
728	0	0
729	0	0
730	0	0
731	0	0
732	1	84800L3505
733	1	84800L3504
734	1	84800L3503
735	1	84800L3502
736	1	84800L3501
737	0	0
738	1	84800L2486
739	0	0
740	0	0
741	0	0
742	0	0
743	1	84800L3436
744	1	84800L2600
745	0	0
746	1	84800L2076
747	0	0
748	0	0
749	1	8480055509
750	1	84800L3144
751	0	0
752	0	0
753	0	0
754	0	0
755	0	0
756	0	0
757	0	0
758	0	0
759	1	8480056345
760	0	0
761	0	0
762	1	8480056344
763	0	0
764	0	0
765	0	0
766	0	0
767	1	84800L2601
768	1	84800L5604
769	0	0
770	0	0
771	0	0
772	0	0
773	0	0
774	0	0
775	0	0
776	1	84800L4719
777	0	0
778	0	0
779	0	0
780	1	848003748P
781	1	84800L4495
782	0	0
783	0	0
784	0	0
785	0	0
786	0	0
787	0	0
788	0	0
789	1	84800L5306
790	0	0
791	0	0
792	1	8480056101
793	1	84800L3190
794	0	0
795	0	0
796	0	0
797	0	0
798	0	0
799	0	0
800	0	0
801	0	0
802	0	0
803	0	0
804	1	84800L3514
805	0	0
806	0	0
807	0	0
808	0	0
809	0	0
810	0	0
811	1	84800L4696
812	0	0
813	0	0
814	0	0
815	0	0
816	0	0
817	0	0
818	0	0
819	0	0
820	0	0
821	0	0
822	0	0
823	0	0
824	0	0
825	0	0
826	0	0
827	0	0
828	0	0
829	0	0
830	0	0
831	0	0
832	0	0
833	0	0
834	0	0
835	0	0
836	0	0
837	0	0
838	0	0
839	0	0
840	1	84800L4773
841	0	0
842	0	0
843	0	0
844	0	0
845	1	84800L4770
846	0	0
847	0	0
848	0	0
849	0	0
850	0	0
851	0	0
852	0	0
853	0	0
854	0	0
855	0	0
856	0	0
857	0	0
858	1	84800L4695
859	0	0
860	0	0
861	0	0
862	0	0
863	0	0
864	0	0
865	0	0
866	0	0
867	0	0
868	0	0
869	0	0
870	0	0
871	0	0
872	0	0
873	0	0
874	0	0
875	0	0
876	0	0
877	0	0
878	0	0
879	0	0
880	0	0
881	0	0
882	1	84800L5275
883	0	0
884	0	0
885	0	0
886	1	84800L4732
887	0	0
888	0	0
889	0	0
890	0	0
891	0	0
892	0	0
893	0	0
894	0	0
895	0	0
896	0	0
897	0	0
898	0	0
899	0	0
900	0	0
901	0	0
902	0	0
903	0	0
904	0	0
905	0	0
906	0	0
907	0	0
908	0	0
909	0	0
910	0	0
911	0	0
912	0	0
913	0	0
914	0	0
915	0	0
916	0	0
917	0	0
918	0	0
919	0	0
920	0	0
921	0	0
922	0	0
923	0	0
924	0	0
925	0	0
926	0	0
927	0	0
928	0	0
929	0	0
930	0	0
931	0	0
932	0	0
933	0	0
934	0	0
935	0	0
936	0	0
937	0	0
938	0	0
939	0	0
940	0	0
941	0	0
942	0	0
943	1	84800L5599
944	0	0
945	0	0
946	0	0
947	0	0
948	0	0
949	0	0
950	0	0
951	0	0
952	0	0
953	1	84800L5601
954	0	0
955	0	0
956	0	0
957	0	0
958	1	84800L5600
959	0	0
960	0	0
961	0	0
962	0	0
963	0	0
964	0	0
965	0	0
966	0	0
967	0	0
968	0	0
969	0	0
970	0	0
971	1	84800L5597
972	1	84800L5598
973	0	0
974	0	0
975	0	0
976	1	84800L5062
977	1	84800L5274
978	0	0
979	0	0
980	0	0
981	0	0
982	0	0
983	0	0
984	0	0
985	0	0
986	0	0
987	0	0
988	0	0
989	0	0
990	1	84800L5060
991	1	84800L5061
992	0	0
993	0	0
994	0	0
995	0	0
996	0	0
997	1	84800L5058
998	0	0
999	1	84800L5059
1000	0	0
1001	0	0
1002	0	0
1003	0	0
1004	1	84800L5057
1005	0	0
1006	1	84800L5056
1007	0	0
1008	0	0
1009	0	0
1010	0	0
1011	0	0
1012	0	0
1013	0	0
1014	0	0
1015	0	0
1016	0	0
1017	0	0
1018	0	0
1019	0	0
1020	0	0
1021	0	0
1022	0	0
1023	1	8480039998
1024	1	84800L3534
1025	0	0
1026	1	8480036199
1027	1	84800L4967
1028	0	0
1029	0	0
1030	0	0
1031	0	0
1032	0	0
1033	0	0
1034	0	0
1035	0	0
1036	0	0
1037	0	0
1038	0	0
1039	0	0
1040	0	0
1041	0	0
1042	0	0
1043	0	0
1044	0	0
1045	0	0
1046	0	0
1047	0	0
1048	0	0
1049	0	0
1050	0	0
1051	1	84800E1533
1052	0	0
1053	1	84800E2313
1054	0	0
1055	0	0
1056	1	848002095P
1057	1	84800L5277
1058	0	0
1059	0	0
1060	0	0
1061	0	0
1062	0	0
1063	0	0
1064	0	0
1065	0	0
1066	0	0
1067	0	0
1068	0	0
1069	0	0
1070	0	0
1071	0	0
1072	0	0
1073	0	0
1074	0	0
1075	0	0
1076	0	0
1077	0	0
1078	0	0
1079	0	0
1080	0	0
1081	1	84800L4973
1082	0	0
1083	0	0
1084	1	84800L4972
1085	0	0
1086	0	0
1087	0	0
1088	0	0
1089	0	0
1090	0	0
1091	0	0
1092	0	0
1093	0	0
1094	0	0
1095	0	0
1096	0	0
1097	0	0
1098	0	0
1099	1	84800L4969
1100	1	84800L4968
1101	1	84800L4971
1102	1	84800L4970
1103	1	84800L4974
1104	0	0
1105	0	0
1106	0	0
1107	0	0
1108	0	0
1109	0	0
1110	0	0
1111	0	0
1112	0	0
1113	0	0
1114	0	0
1115	0	0
1116	0	0
1117	0	0
1118	0	0
1119	0	0
1120	0	0
1121	0	0
1122	0	0
1123	0	0
1124	0	0
1125	0	0
1126	0	0
1127	0	0
1128	0	0
1129	0	0
1130	0	0
1131	0	0
1132	0	0
1133	1	84800L5475
1134	1	84800L5473
1135	0	0
1136	0	0
1137	0	0
1138	0	0
1139	0	0
1140	0	0
1141	0	0
1142	1	84800L5474
1143	0	0
1144	0	0
1145	0	0
1146	0	0
1147	0	0
1148	1	84800L5472
1149	1	84800L5471
1150	1	84800L5470
1151	0	0
1152	0	0
1153	0	0
1154	0	0
1155	0	0
1156	1	84800L5276
1157	0	0
1158	0	0
1159	0	0
1160	1	84800L1118
1161	0	0
1162	0	0
1163	0	0
1164	0	0
1165	0	0
1166	0	0
1167	0	0
1168	1	84800L2991
1169	0	0
1170	0	0
1171	0	0
1172	0	0
1173	0	0
1174	0	0
1175	0	0
1176	0	0
1177	0	0
1178	0	0
1179	0	0
1180	0	0
1181	1	8480052108
1182	1	84800L3469
1183	0	0
1184	0	0
1185	0	0
1186	0	0
1187	0	0
1188	0	0
1189	0	0
1190	0	0
1191	0	0
1192	0	0
1193	0	0
1194	0	0
1195	0	0
1196	0	0
1197	0	0
1198	0	0
1199	0	0
1200	0	0
1201	0	0
1202	0	0
1203	0	0
1204	0	0
1205	0	0
1206	0	0
1207	0	0
1208	0	0
1209	0	0
1210	0	0
1211	0	0
1212	0	0
1213	0	0
1214	0	0
1215	0	0
1216	0	0
1217	0	0
1218	0	0
1219	0	0
1220	0	0
1221	0	0
1222	0	0
1223	0	0
1224	0	0
1225	0	0
1226	1	84800L5146
1227	1	84800L5145
1228	0	0
1229	0	0
1230	0	0
1231	0	0
1232	0	0
1233	0	0
1234	1	84800L5147
1235	0	0
1236	0	0
1237	0	0
1238	0	0
1239	0	0
1240	0	0
1241	0	0
1242	0	0
1243	0	0
1244	0	0
1245	0	0
1246	0	0
1247	0	0
1248	0	0
1249	0	0
1250	1	84800L5144
1251	1	84800L5143
1252	1	84800L5142
1253	1	84800L5141
1254	1	84800L2603
1255	1	84800L1092
1256	0	0
1257	0	0
1258	0	0
1259	0	0
1260	1	84800L5387
1261	1	84800L4961
1262	1	84800L1866
1263	1	84800L5003
1264	0	0
1265	0	0
1266	1	8480055854
1267	1	84800L2361
1268	1	84800L5385
1269	1	84800L1603
1270	1	84800L3988
1271	0	0
1272	0	0
1273	0	0
1274	0	0
1275	0	0
1276	0	0
1277	0	0
1278	0	0
1279	0	0
1280	0	0
1281	0	0
1282	1	84800L2450
1283	0	0
1284	0	0
1285	0	0
1286	0	0
1287	0	0
1288	1	84800L2451
1289	0	0
1290	0	0
1291	0	0
1292	0	0
1293	0	0
1294	0	0
1295	1	84800L2452
1296	0	0
1297	0	0
1298	1	84800L3642
1299	0	0
1300	0	0
1301	0	0
1302	0	0
1303	0	0
1304	0	0
1305	0	0
1306	0	0
1307	1	84800L1962
1308	1	84800L1961
1309	0	0
1310	0	0
1311	0	0
1312	1	84800L4561
1313	0	0
1314	0	0
1315	0	0
1316	0	0
1317	1	84800L1857
1318	0	0
